3.49625
3.859994
4.00907
4.175351
4.555925
4.904355
5.251786
6.262434
6.626601
6.792315
6.957935
7.355535
7.670333
8.034768
9.045337
9.426401
9.575731
9.757697
10.10569
10.4535
10.78483
11.84558
12.19366
12.35866
12.54089
12.87223
13.22041
13.55178
14.57859
14.9603
15.10872
15.27439
15.62229
15.9705
16.31858
17.32866
17.70975
17.87537
18.04103
18.40564
18.75361
19.085
20.12901
20.44387
20.60977
20.77471
21.12243
21.85208
22.51405
22.89508
23.21029
23.57434
23.73998
23.90565
24.27048
24.41923
24.61803
24.93293
25.3304
25.64542
25.99308
26.34106
26.50665
26.67251
27.02022
27.18589
27.38497
27.71603
28.06429
28.41235
28.72659
29.07449
29.25673
29.43896
29.78687
29.95277
30.1182
30.48272
30.84713
31.17864
31.34413
31.52637
31.87443
32.02349
32.20561
32.55375
32.71919
32.90142
33.24962
33.5641
33.91201
34.0784
34.26051
34.65812
34.79006
34.9724
35.32082
35.46928
35.65175
36.016
36.34734
36.69575
36.84435
37.02658
37.39105
37.54018
37.70614
38.0703
38.21939
38.41843
38.76655
39.11442
39.42876
39.59462
39.77667
40.15778
40.32369
40.47255
40.83726
41.0026
41.23457
41.54931
41.88102
42.19542
42.36119
42.52675
42.89126
43.09002
43.25585
43.58736
43.73613
43.91845
44.26625
44.43192
44.61434
44.96281
45.29342
45.658
45.98923
46.13853
46.53625
46.70216
47.03305
47.39741
47.76189
48.09329
48.44153
48.7561
49.12036
49.45199
49.79961
50.16408
50.49542
50.84332
51.17466
51.52308
51.85395
52.01987
52.20181
52.53314
52.88105
53.22926
53.57686
53.92497
54.28923
54.63745
54.80281
54.9855
55.3166
55.68086
56.01219
56.36042
56.69143
56.85727
57.03972
57.4038
57.55325
57.71857
58.06649
58.43154
58.59662
58.779
58.94452
59.09362
59.2593
59.44175
59.60769
59.77324
59.93871
60.12128
60.31992
60.4854
60.66746
60.83313
60.99881
61.1647
61.31408
61.49581
61.66153
61.82715
61.99282
62.17505
62.34072
62.50657
62.68867
62.85469
63.0373
63.20247
63.38443
63.56666
63.73247
63.89799
63.98129
64.11337
64.1962
64.31217
64.41155
64.52752
64.64398
64.74308
64.85884
64.95824
65.07471
65.1738
65.30613
65.40553
65.53805
65.68715
65.80312
66.26695
66.4326
66.64809
66.99653
67.41
67.74168
68.07269
68.22239
68.40393
68.56984
68.73576
69.08321
69.44824
69.62985
69.7955
70.14355
70.47484
70.64047
70.80642
71.15392
71.50226
71.84968
72.18098
72.52885
72.86058
73.2246
73.57307
73.73816
73.92049
74.06947
74.2517
74.63274
74.96404
75.29546
75.65978
76.00791
76.35557
76.70362
76.85255
77.05135
77.41607
77.74712
78.09499
78.42632
78.75762
79.10551
79.27119
79.43683
79.60279
79.76855
80.11649
80.46391
80.79571
80.97821
81.17634
81.49099
81.65664
81.82228
82.17014
82.51881
82.8659
83.21468
83.54553
83.92615
84.27399
84.63847
84.80439
84.97029
85.13541
85.2845
85.64914
85.99741
86.32811
86.67598
87.04041
87.37218
87.73615
87.88548
88.05092
88.41541
88.76324
89.09454
89.44247
89.77374
90.1383
90.30424
90.47013
90.61856
90.80077
91.16582
91.53069
91.84493
92.22556
92.54085
92.68932
92.88811
93.21942
93.58394
93.93173
94.27962
94.62798
94.9754
95.30699
95.65495
95.82026
95.9864
96.15187
96.31783
96.66547
97.01302
97.36134
97.70876
98.07323
98.42109
98.769
98.95121
99.11706
99.44819
99.7798
100.1282
100.4923
100.8397
101.1876
101.3532
101.5191
101.685
101.8336
102.2146
102.5463
102.9104
103.2586
103.5896
103.7393
103.9209
104.2194
104.5835
104.948
105.2793
105.6437
105.9916
106.3395
106.6713
106.8365
106.9856
107.1515
107.3506
107.698
108.0623
108.4107
108.7585
109.0899
109.4373
109.7858
109.9513
110.133
110.4645
110.8288
111.5743
112.2535
112.9163
113.6119
114.2748
114.9707
115.6495
116.3456
117.0576
117.7369
118.4326
119.0952
119.7579
119.9567
120.1058
120.8181
121.1332
121.8457
122.3424
122.8891
123.3692
123.9325
124.6613
124.96
125.1252
125.2909
125.6723
126.0033
126.1528
126.5669
126.6989
127.0635
127.3947
127.7427
128.1071
128.4218
128.7698
129.1343
129.4491
129.7975
130.145
130.4936
130.8242
131.1557
131.487
131.8349
132.1997
132.5307
132.8868
133.2179
133.3836
133.5825
133.9304
134.3281
134.4772
134.6431
135.0074
135.3225
135.6705
135.9849
136.1506
136.3494
136.7305
136.8962
137.0621
137.4264
137.5921
137.7581
138.0899
138.4205
138.7352
138.901
139.0997
139.4477
139.63
139.8125
140.1436
140.3258
140.4917
140.856
141.2044
141.5188
141.8336
141.9827
142.1815
142.5459
142.9273
143.2418
143.5898
143.9376
144.3021
144.4512
144.6336
144.9814
145.1307
145.2962
145.4289
145.6111
145.7766
145.992
146.3233
147.0362
147.4002
147.7314
148.0628
148.1954
148.3779
148.5433
148.7421
149.0739
149.4215
149.7859
149.9517
150.1173
150.5149
150.6806
150.8464
151.0123
151.1776
151.3765
151.5424
151.6913
151.8736
152.2052
152.3541
152.5695
152.7352
152.9009
153.0499
153.2159
153.3979
153.5801
153.7127
153.9118
154.0777
154.2594
154.5907
154.9387
155.2866
155.6512
155.9825
156.3303
156.7117
157.0594
157.3907
157.7221
158.0539
158.418
158.7659
159.1139
159.4621
159.7935
160.1411
160.4725
160.8204
161.1854
161.5328
161.8809
162.2121
162.5769
162.9081
163.2393
163.604
163.9683
164.2999
164.6145
164.9626
165.3269
165.6747
166.0229
166.3873
166.7185
167.0501
167.3982
167.7292
167.8949
168.0774
168.4582
168.7732
169.1043
169.469
169.8168
170.1484
170.4795
170.6452
170.8275
171.159
171.524
171.7055
171.8877
172.0534
172.2027
172.3847
172.5669
172.6995
172.8985
173.0474
173.2296
173.3953
173.5777
173.7432
173.9091
174.0746
174.2575
174.3396
174.4723
174.555
174.6548
174.7704
174.8702
174.9864
175.0852
175.2012
175.3006
175.4167
175.5491
175.6485
175.7645
175.8971
176.0131
176.1621
176.3112
176.7088
177.0568
177.4048
177.7364
178.0674
178.3987
178.5483
178.7135
178.8626
179.0451
179.4259
179.7903
179.9395
180.1217
180.4862
180.8341
180.9674
181.149
181.4808
181.8283
182.1929
182.5242
182.8885
183.2531
183.601
183.9324
184.0815
184.2638
184.4295
184.5952
184.9431
185.2746
185.6224
185.9873
186.3514
186.6994
187.0309
187.3952
187.7264
188.0912
188.4058
188.7703
189.1185
189.4496
189.599
189.7975
189.9633
190.1125
190.4768
190.8247
190.9744
191.1727
191.5372
191.852
192.0508
192.2333
192.5478
192.8961
193.2437
193.5751
193.9395
194.2547
194.6025
194.9502
195.0993
195.2818
195.6626
195.994
196.3254
196.6898
197.0213
197.1869
197.3692
197.7006
197.8665
198.0319
198.1978
198.38
198.7284
199.0925
199.4078
199.7719
200.1195
200.4509
200.6165
200.7825
200.9644
201.1467
201.4946
201.8261
201.992
202.1904
202.5718
202.8697
203.0359
203.2177
203.5656
203.9135
204.2451
204.5763
204.9574
205.3219
205.6699
205.9848
206.1502
206.3159
206.4816
206.6475
207.0117
207.3597
207.7076
208.0723
208.3873
208.7353
209.0994
209.4639
209.8119
210.1432
210.4746
210.8229
211.1871
211.5354
211.7007
211.8663
212.0325
212.1984
212.5621
212.8936
213.0757
213.2416
213.6059
213.921
214.0864
214.2686
214.6331
214.9978
215.329
215.6603
216.0082
216.3735
216.6877
217.0189
217.168
217.3339
217.4998
217.6816
218.0464
218.4108
218.7592
219.0901
219.2726
219.4378
219.7692
219.935
220.1009
220.2828
220.4485
220.7799
221.1283
221.2938
221.4922
221.658
221.8404
222.205
222.3703
222.5526
222.7019
222.9004
223.0495
223.2318
223.5966
223.9277
224.243
224.3915
224.5903
224.9548
225.1205
225.303
225.6341
225.7999
225.9824
226.1477
226.3299
226.496
226.6778
227.0755
227.2247
227.3904
227.7383
227.8875
228.0697
228.2189
228.3849
228.5342
228.7158
229.1134
229.2465
229.4282
229.8097
230.1406
230.4888
230.8199
231.1512
231.3335
231.5158
231.8305
232.1785
232.5429
232.692
232.8746
233.2057
233.504
233.8353
233.9844
234.1998
234.5981
234.9456
235.3098
235.4592
235.6417
236.0222
236.1714
236.3374
236.7015
236.8508
237.0163
237.3974
237.563
237.7289
238.0766
238.2423
238.4245
238.7728
238.9387
239.1204
239.4688
239.6174
239.7997
240.1647
240.3133
240.479
240.8601
241.1751
241.3244
241.4897
241.8213
241.9536
242.1358
242.2852
242.4837
242.8648
243.2293
